0.0
0.0
0.0
0.0
0.0
0.0
0.0
5.555555555555556
16.666666666666668
33.333333333333336
50.0
66.66666666666667
83.33333333333334
94.44444444444446
100.00000000000001
100.00000000000001
100.00000000000001
100.00000000000001
100.00000000000001
100.00000000000001
100.00000000000001
100.00000000000001
100.00000000000001
100.00000000000001
94.44444444444446
83.33333333333334
66.66666666666667
50.0
33.33333333333333
16.666666666666664
5.5555555555555545
0.0
5.555555555555556
16.666666666666668
33.333333333333336
50.0
66.66666666666667
83.33333333333334
94.44444444444446
100.00000000000001
100.00000000000001
100.00000000000001
100.00000000000001
100.00000000000001
100.00000000000001
100.00000000000001
100.00000000000001
100.00000000000001
100.00000000000001
94.44444444444446
83.33333333333334
66.66666666666667
50.0
33.333333333333336
16.666666666666664
5.5555555555555545
0.0
5.555555555555556
16.666666666666668
33.333333333333336
50.0
66.66666666666667
83.33333333333334
94.44444444444446
100.00000000000001
100.00000000000001
100.00000000000001
100.00000000000001
100.00000000000001
100.00000000000001
100.00000000000001
100.00000000000001
100.00000000000001
100.00000000000001
94.44444444444446
83.33333333333334
66.66666666666667
50.0
33.333333333333336
16.666666666666664
5.5555555555555545
0.0
5.555555555555556
16.666666666666668
33.333333333333336
50.00000000000001
66.66666666666667
83.33333333333334
94.44444444444446
100.00000000000001
100.00000000000001
100.00000000000001
100.00000000000001
100.00000000000001
100.00000000000001
100.00000000000001
100.00000000000001
100.00000000000001
100.00000000000001
94.44444444444444
83.33333333333333
66.66666666666666
50.0
33.333333333333336
16.666666666666664
5.5555555555555545
0.0
5.555555555555556
16.666666666666668
33.333333333333336
50.0
66.66666666666667
83.33333333333334
94.44444444444446
100.00000000000001
100.00000000000001
100.00000000000001
100.00000000000001
100.00000000000001
100.00000000000001
100.00000000000001
100.00000000000001
100.00000000000001
100.00000000000001
94.44444444444446
83.33333333333334
66.66666666666666
50.0
33.333333333333336
16.666666666666664
5.5555555555555545
0.0
5.555555555555556
16.666666666666668
33.333333333333336
50.0
66.66666666666667
83.33333333333334
94.44444444444446
100.00000000000001
100.00000000000001
100.00000000000001
100.00000000000001
100.00000000000001
100.00000000000001
100.00000000000001
100.00000000000001
100.00000000000001
100.00000000000001
94.44444444444446
83.33333333333334
66.66666666666667
49.99999999999999
33.33333333333333
16.666666666666664
5.5555555555555545
0.0
5.555555555555556
16.666666666666668
33.333333333333336
50.0
66.66666666666667
83.33333333333334
94.44444444444446
100.00000000000001
100.00000000000001
100.00000000000001
100.00000000000001
100.00000000000001
100.00000000000001
100.00000000000001
100.00000000000001
100.00000000000001
100.00000000000001
94.44444444444446
83.33333333333334
66.66666666666667
50.0
33.33333333333333
16.666666666666664
5.5555555555555545
0.0
5.555555555555556
16.666666666666668
33.333333333333336
50.0
66.66666666666667
83.33333333333334
94.44444444444446
100.00000000000001
100.00000000000001
100.00000000000001
100.00000000000001
100.00000000000001
100.00000000000001
100.00000000000001
100.00000000000001
100.00000000000001
100.00000000000001
94.44444444444446
83.33333333333334
66.66666666666667
50.0
33.333333333333336
16.666666666666664
5.5555555555555545
0.0
5.555555555555556
16.666666666666668
33.333333333333336
50.0
66.66666666666667
83.33333333333334
94.44444444444446
100.00000000000001
100.00000000000001
100.00000000000001
100.00000000000001
100.00000000000001
100.00000000000001
100.00000000000001
100.00000000000001
100.00000000000001
100.00000000000001
94.44444444444446
83.33333333333334
66.66666666666667
50.0
33.333333333333336
16.666666666666664
5.5555555555555545
0.0
5.555555555555556
16.666666666666668
33.333333333333336
50.00000000000001
66.66666666666667
83.33333333333334
94.44444444444446
100.00000000000001
100.00000000000001
100.00000000000001
100.00000000000001
100.00000000000001
100.00000000000001
100.00000000000001
100.00000000000001
100.00000000000001
100.00000000000001
94.44444444444444
83.33333333333333
66.66666666666666
50.0
33.333333333333336
16.666666666666664
5.5555555555555545
0.0
5.555555555555556
16.666666666666668
33.333333333333336
50.0
66.66666666666667
83.33333333333334
94.44444444444446
100.00000000000001
100.00000000000001
100.00000000000001
100.00000000000001
100.00000000000001
100.00000000000001
100.00000000000001
100.00000000000001
100.00000000000001
100.00000000000001
94.44444444444446
83.33333333333334
66.66666666666666
50.0
33.333333333333336
16.666666666666664
5.5555555555555545
0.0
5.555555555555556
16.666666666666668
33.333333333333336
50.0
66.66666666666667
83.33333333333334
94.44444444444446
100.00000000000001
100.00000000000001
100.00000000000001
100.00000000000001
100.00000000000001
100.00000000000001
100.00000000000001
100.00000000000001
100.00000000000001
100.00000000000001
94.44444444444446
83.33333333333334
66.66666666666667
49.99999999999999
33.33333333333333
16.666666666666664
5.5555555555555545
0.0
5.555555555555556
16.666666666666668
33.333333333333336
50.0
66.66666666666667
83.33333333333334
94.44444444444446
100.00000000000001
100.00000000000001
100.00000000000001
100.00000000000001
100.00000000000001
100.00000000000001
100.00000000000001
100.00000000000001
100.00000000000001
100.00000000000001
94.44444444444446
83.33333333333334
66.66666666666667
50.0
33.33333333333333
16.666666666666664
5.5555555555555545
0.0
5.555555555555556
16.666666666666668
33.333333333333336
50.0
66.66666666666667
83.33333333333334
94.44444444444446
100.00000000000001
100.00000000000001
100.00000000000001
100.00000000000001
100.00000000000001
100.00000000000001
100.00000000000001
100.00000000000001
100.00000000000001
100.00000000000001
94.44444444444446
83.33333333333334
66.66666666666667
50.0
33.333333333333336
16.666666666666664
5.5555555555555545
0.0
5.555555555555556
16.666666666666668
33.333333333333336
50.0
66.66666666666667
83.33333333333334
94.44444444444446
100.00000000000001
100.00000000000001
100.00000000000001
100.00000000000001
100.00000000000001
100.00000000000001
100.00000000000001
100.00000000000001
100.00000000000001
100.00000000000001
94.44444444444446
83.33333333333334
66.66666666666667
50.0
33.333333333333336
16.666666666666664
5.5555555555555545
0.0
5.555555555555556
16.666666666666668
33.333333333333336
50.00000000000001
66.66666666666667
83.33333333333334
94.44444444444446
100.00000000000001
100.00000000000001
100.00000000000001
100.00000000000001
100.00000000000001
100.00000000000001
100.00000000000001
100.00000000000001
100.00000000000001
100.00000000000001
94.44444444444444
83.33333333333333
66.66666666666666
50.0
33.333333333333336
16.666666666666664
5.5555555555555545
0.0
5.555555555555556
16.666666666666668
33.333333333333336
50.0
66.66666666666667
83.33333333333334
94.44444444444446
100.00000000000001
100.00000000000001
100.00000000000001
100.00000000000001
100.00000000000001
100.00000000000001
100.00000000000001
100.00000000000001
100.00000000000001
100.00000000000001
94.44444444444446
83.33333333333334
66.66666666666666
50.0
33.333333333333336
16.666666666666664
5.5555555555555545
0.0
5.555555555555556
16.666666666666668
33.333333333333336
50.0
66.66666666666667
83.33333333333334
94.44444444444446
100.00000000000001
100.00000000000001
100.00000000000001
100.00000000000001
100.00000000000001
100.00000000000001
100.00000000000001
100.00000000000001
100.00000000000001
100.00000000000001
94.44444444444446
83.33333333333334
66.66666666666667
49.99999999999999
33.33333333333333
16.666666666666664
5.5555555555555545
0.0
5.555555555555556
16.666666666666668
33.333333333333336
50.0
66.66666666666667
83.33333333333334
94.44444444444446
100.00000000000001
100.00000000000001
100.00000000000001
100.00000000000001
100.00000000000001
100.00000000000001
100.00000000000001
100.00000000000001
100.00000000000001
100.00000000000001
94.44444444444446
83.33333333333334
66.66666666666667
50.0
33.33333333333333
16.666666666666664
5.5555555555555545
0.0
5.555555555555556
16.666666666666668
33.333333333333336
50.0
66.66666666666667
83.33333333333334
94.44444444444446
100.00000000000001
100.00000000000001
100.00000000000001
100.00000000000001
100.00000000000001
100.00000000000001
100.00000000000001
100.00000000000001
100.00000000000001
100.00000000000001
94.44444444444446
83.33333333333334
66.66666666666667
50.0
33.333333333333336
16.666666666666664
5.5555555555555545
0.0
0.0
0.0
0.0
0.0
0.0
